8
16
0
0
0
0
60
0
0
0
0
0
0
0
0
0
0
0
0
0
0
0
0
0
0
0
0
0
0
0
0
0
0
0
0
0
0
0
0
0
0
0
0
0
0
0
0
0
0
0
0
0
0
0
0
0
0
0
0
0
0
0
0
0
0
0
0
0
0
0
0
0
0
0
0
0
0
0
0
0
0
0
0
0
0
0
0
0
0
0
0
0
0
0
0
0
0
0
0
0
0
0
0
0
1145130828
741765664
669216
0
0
0
0
0
0
0
0
0
1330380800
1914717249
807414833
10
0
0
0
0
0
0
0
0
0
541344833
1663840626
2610
0
0
0
0
0
0
0
0
0
1330380800
1914717249
862137394
10
0
0
0
0
0
0
0
0
0
1414288717
741437984
668274
0
0
0
0
0
0
0
0
0
1330380800
1914717249
845360180
10
0
0
0
0
0
0
0
0
0
541218131
1915498866
2610
0
0
0
0
0
0
0
0
0
1430913024
824201293
2611
0
0
0
0
0
0
1145130828
741765664
669216
0
1145130828
741831200
667747
0
0
0
0
0
0
0
0
0
1145110528
930226244
171008812
0
0
0
0
0
0
0
0
0
0
541344833
1663842162
2610
0
0
0
0
0
0
0
0
0
1145110528
930226244
171402028
0
0
0
0
0
0
1145130828
741437984
667680
0
1347245386
170930720
0
0
0
0
0
0
0
0
0
0
1330380800
1914717249
862137400
2608
0
0
0
0
0
0
0
0
0
1145130828
741700128
667747
0
0
0
0
0
0
0
0
0
1431502848
947003458
171008812
0
0
0
0
0
0
541344833
1663840626
2610
0
1347243843
741896736
669042
0
0
0
0
0
0
0
0
0
1279918080
171192608
0
0
0
0
0
0
0
0
0
0
0
824198986
2612
0
0
0
0
0
0
0
0
0
0
1162477568
669984
0
0
0
0
0
0
0
1145130828
741503520
668515
0
1145130828
741962272
808464995
10
0
0
0
0
0
0
0
0
1329790976
1914720333
963783735
10
0
0
0
0
0
0
0
0
0
958416202
10
0
0
0
0
0
0
0
0
0
0
1279918080
667936
0
0
0
0
0
0
0
1414288717
741437984
668274
0
924862282
2612
0
0
0
0
0
0
0
0
0
0
1330380800
1914717249
811805744
10
0
0
0
0
0
0
0
0
0
1145130828
741962272
668515
0
0
0
0
0
0
0
0
0
1330380800
1914717249
170994737
0
0
0
0
0
0
1145130828
741634592
668259
0
1145130828
741503520
2610
0
0
0
0
0
0
0
0
0
1330380800
1914717249
171125811
0
0
0
0
0
0
0
0
0
0
541344833
1663840370
2609
0
0
0
0
0
0
0
0
0
1330380800
1914717249
171191348
0
0
0
0
0
0
541218131
1915498866
2610
0
1145130828
741700128
2613
0
0
0
0
0
0
0
0
0
1330380800
1914717249
171322422
0
0
0
0
0
0
0
0
0
0
1145130828
741831200
2615
0
0
0
0
0
0
0
0
0
1330380800
1914717249
171453496
0
0
0
0
0
0
1347245386
171127072
0
0
1145130828
741437984
2609
0
0
0
0
0
0
0
0
0
1330380800
1914717249
171060274
0
0
0
0
0
0
0
0
0
0
1145130828
741569056
2611
0
0
0
0
0
0
0
0
0
1330380800
1914717249
171191348
0
0
0
0
0
0
1145130828
741831200
667747
0
1145130828
741700128
2613
0
0
0
0
0
0
0
0
0
1330380800
1914717249
171322422
0
0
0
0
0
0
0
0
0
0
1145130828
741831200
2615
0
0
0
0
0
0
0
0
0
1330380800
1914717249
171453496
0
0
0
0
0
0
541344833
1663842162
2609
0
1145130828
741634592
2612
0
0
0
0
0
0
0
0
0
1330380800
1914717249
171256885
0
0
0
0
0
0
0
0
0
0
1145130828
741765664
2614
0
0
0
0
0
0
0
0
0
1330380800
1914717249
171387959
0
0
0
0
0
0
541344833
1663842162
2610
0
1145130828
741896736
2616
0
0
0
0
0
0
0
0
0
1330380800
1914717249
170994737
0
0
0
0
0
0
0
0
0
0
1145130828
75
2610
0
0
0
0
0
0
0
0
0
1330380800
1914717249
171125811
0
0
0
0
0
0
541344833
1663842162
2615
0
1145130828
741634592
2612
0
0
0
0
0
0
0
0
0
1330380800
1914717249
171256885
0
0
0
0
0
0
0
0
0
0
1145130828
741765664
2614
0
0
0
0
0
0
0
0
0
1330380800
1914717249
171387959
0
0
0
0
0
0
1347245386
170930720
0
0
1145130828
741896736
2616
0
0
0
0
0
0
0
0
0
1330380800
1914717249
171191348
0
0
0
0
0
0
0
0
0
0
1145130828
741700128
2613
0
0
0
0
0
0
0
0
0
1330380800
1914717249
171322422
0
0
0
0
0
0
1145130828
741896736
170931043
0
1145130828
741831200
2615
0
0
0
0
0
0
0
0
0
1330380800
1914717249
171453496
0
0
0
0
0
0
0
0
0
0
1145130828
741437984
2609
0
0
0
0
0
0
0
0
0
1330380800
1914717249
171060274
0
0
0
0
0
0
1145130828
741700128
667747
0
1145130828
741569056
2611
0
0
0
0
0
0
0
0
0
1330380800
1914717249
171191348
0
0
0
0
0
0
0
0
0
0
1145130828
741700128
2613
0
0
0
0
0
0
0
0
0
1330380800
1914717249
171322422
0
0
0
0
0
0
541218131
1663842418
2609
0
1145130828
741831200
2615
0
0
0
0
0
0
0
0
0
1330380800
1914717249
171453496
0
0
33732
32992
32880
0
0
33856
33044
0
1347243843
741372448
670066
0
33156
33180
33204
33218
33234
33254
33272
33300
1279951404
171389472
33280
33386
0
33402
33418
33434
33448
1347243843
741896736
669042
33494
924861770
2612
33524
33532
33542
33550
33558
33566
33576
33584
33594
33604
1196065614
171194144
33536
33640
33650
33660
33670
0
2008270496
2008392240
1972780000
1972784944
1972785104
5522770
2008464080
2008392112
1972790848
1972791152
1972791632
1972791696
0
1976588128
1976588416
1976588448
1976725872
1976786080
1977099776
1976724048
1976671504
1976742480
1976724336
1976565504
1976659888
1976787344
824200266
1962936884
1976839600
1976659968
1976864352
1976660416
1976924944
1976844416
1976865024
1976845280
1976725152
1976927232
1976915328
1976849392
0
1698955471
1702126956
1953067587
1818321769
1952671059
7237481
1850015980
1131570548
1769236850
1399611747
1769235301
28271
2017788183
1917875305
1936024431
33423475
1282696519
1165259617
1919906418
34668544
1299473735
1819632751
1851869285
1097165924
37814272
1349805383
1097035634
1701995620
29555
1850278622
1634301033
1702521196
1953067587
1818321769
1952671059
824198986
1694501428
1130722913
1769236850
1399611747
1769235301
28271
1699939444
1752061300
1818521185
2017813605
1953523043
1181642601
1702128745
76873842
1198746708
1633055845
6649196
1767244989
1635087474
1869762668
1952671092
79626240
1953655126
1366057333
2037540213
3604480
1701273439
1767992692
1735549294
5046387
1601199967
1986946399
1852797545
5177344
1601199967
1869440607
25956
1600061539
1601463667
1601204321
1701869940
9633792
2019910495
29801
1767833866
25199
1868497279
1769497966
27918452
958416202
1701052426
38207488
1919902305
38666356
2019914849
29801
1952514640
26991
1633878611
1668246636
39583744
1953069157
40173568
1952802662
40501363
1701867366
40566894
1769107558
6714478
1919287921
25957
2003174009
1702127986
44302336
1819042157
25455
1701642922
2037408621
45154304
1852404336
26228
1970274996
29556
1668481726
6712929
1769145026
1818324583
46792704
1668445299
29288
1953694413
2037408626
49020928
1919968886
1718906473
0
32768
32768
32768
1145130828
741962272
808464995
10
32768
32768
32768
32768
32768
1314014539
842222661
1819042862
0
32788
32788
32788
32788
32788
32788
32788
32788
32788
32788
32788
32788
32788
32788
32788
32788
32788
32788
32788
32788
32788
32788
32788
32788
32788
32788
32788
1668707181
1680766066
27756
0
0
0
0
0
0
0
1347243843
741831200
670066
0
0
0
0
0
0
0
0
0
0
0
0
0
0
0
0
0
0
0
0
0
0
0
0
0
0
0
0
0
0
0
0
0
0
0
0
0
0
0
0
0
0
0
0
0
0
0
958416202
10
0
0
0
0
0
0
0
0
0
0
0
0
0
0
0
0
0
0
0
0
0
0
0
0
0
0
0
0
0
0
0
0
0
0
0
0
0
0
0
0
0
0
0
0
0
0
0
0
824200266
10
0
0
0
0
0
0
0
0
0
0
0
0
0
0
0
0
0
0
0
0
0
0
0
0
0
0
0
0
0
0
0
0
0
0
0
0
0
0
0
0
0
0
0
0
0
0
0
0
840976202
2613
0
0
0
0
0
0
0
0
0
0
0
0
0
0
0
0
0
0
0
0
0
0
0
0
0
0
0
0
0
0
0
0
0
0
0
0
0
0
0
0
0
0
0
0
0
0
0
0
1145130828
741372448
667747
0
0
0
0
0
0
0
0
0
0
0
0
0
0
0
0
0
0
0
0
0
0
0
0
0
0
0
0
0
0
0
0
0
0
0
0
0
0
0
0
0
0
0
0
0
0
0
1145130828
741962272
669027
0
0
0
0
0
0
0
0
0
0
0
0
0
0
0
0
0
0
0
0
0
0
0
0
0
0
0
0
0
0
0
0
0
0
0
0
0
0
0
0
0
0
0
0
0
0
0
1145130828
741437984
2609
0
0
0
0
0
0
0
0
0
0
0
0
0
0
0
0
0
0
0
0
0
0
0
0
0
0
0
0
0
0
0
0
0
0
0
0
0
0
0
0
0
0
0
0
0
0
0
1145130828
741503520
2610
0
0
0
0
0
0
0
0
0
0
0
0
0
0
0
0
0
0
0
0
0
0
0
0
0
0
0
0
0
0
0
0
0
0
0
0
0
0
0
0
0
0
0
0
0
0
0
1145130828
741569056
2611
0
0
0
0
0
0
0
0
0
0
0
0
0
0
0
0
0
0
0
0
0
0
0
0
0
0
0
0
0
0
0
0
0
0
0
0
0
0
0
0
0
0
0
0
0
0
0
541344833
1663840370
2609
0
0
0
0
0
0
0
0
0
0
0
0
0
0
0
0
0
0
0
0
0
0
0
0
0
0
0
0
0
0
0
0
0
0
0
0
0
0
0
0
0
0
0
0
0
0
0
1145130828
741634592
2612
0
0
0
0
0
0
0
0
0
0
0
0
0
0
0
0
0
0
0
0
0
0
0
0
0
0
0
0
0
0
0
0
0
0
0
0
0
0
0
0
0
0
0
0
0
0
0
1145130828
741700128
2613
0
0
0
0
0
0
0
0
0
0
0
0
0
0
0
0
0
0
0
0
0
0
0
0
0
0
0
0
0
0
0
0
0
0
0
0
0
0
0
0
0
0
0
0
0
0
0
1145130828
741765664
2614
0
0
0
0
0
0
0
0
0
0
0
0
0
0
0
0
0
0
0
0
0
0
0
0
0
0
0
0
0
0
0
0
0
0
0
0
0
0
0
0
0
0
0
0
0
0
0
1145130828
741831200
2615
0
0
0
0
0
0
0
0
0
0
0
0
0
0
0
0
0
0
0
0
0
0
0
0
0
0
0
0
0
0
0
0
0
0
0
0
0
0
0
0
0
0
0
0
0
0
0
1145130828
741896736
2616
0
0
0
0
0
0
0
0
0
0
0
0
0
0
0
0
0
0
0
0
0
0
0
0
0
0
0
0
0
0
0
0
0
0
0
0
0
0
0
0
4205056
4204976
0
0
0
0
0
1145130828
741437984
2609
0
0
0
0
0
0
0
0
0
0
0
0
0
0
0
0
0
0
0
0
0
0
0
0
0
0
0
0
0
0
0
0
0
0
0
0
0
0
0
0
0
0
0
0
0
0
0
1145130828
741503520
2610
0
0
0
0
0
0
0
0
0
0
0
0
0
0
0
0
0
0
0
0
0
0
0
0
0
0
0
0
0
0
0
0
0
0
0
0
0
0
0
0
0
0
0
0
0
0
0
1145130828
741569056
2611
0
0
0
0
0
0
0
0
0
0
0
0
0
0
0
0
0
0
0
0
0
0
0
0
0
0
0
0
0
0
0
0
0
0
0
0
0
0
0
0
0
0
0
0
0
0
0
1145130828
741634592
2612
0
0
0
0
0
0
0
0
0
0
0
0
0
0
0
0
0
0
0
0
0
0
0
0
0
0
0
0
0
0
0
0
0
0
0
0
0
0
0
0
0
0
0
0
0
0
0
1145130828
741700128
2613
0
0
0
0
0
0
0
0
0
0
0
0
0
0
0
0
0
0
0
0
0
0
0
0
0
0
0
0
0
0
0
0
0
0
0
0
0
0
0
0
0
0
0
0
0
0
0
1145130828
741765664
2614
0
0
0
0
0
0
0
0
0
0
0
0
0
0
0
0
0
0
0
0
0
0
0
0
0
0
0
0
0
0
0
0
0
0
0
0
0
0
0
0
0
0
0
0
0
0
0
1145130828
741831200
2615
0
0
0
0
0
0
0
0
0
0
0
0
0
0
0
0
0
0
0
0
0
0
0
0
0
0
0
0
0
0
0
0
0
0
0
0
0
0
0
0
0
0
0
0
0
0
0
1145130828
741896736
2616
0
0
0
0
0
0
0
0
0
0
0
0
0
0
0
0
0
0
0
0
0
0
0
0
0
0
0
0
0
0
0
0
0
0
0
0
0
0
0
0
0
0
0
0
0
0
0
1145130828
741634592
2612
0
0
0
0
0
0
0
0
0
0
0
0
0
0
0
0
0
0
0
0
0
0
0
0
0
0
0
0
0
0
0
0
0
0
0
0
0
0
0
0
0
0
0
0
0
0
0
1145130828
741700128
2613
0
0
0
0
0
0
0
0
0
0
0
0
0
0
0
0
0
0
0
0
0
0
0
0
0
0
0
0
0
0
0
0
0
0
0
0
0
0
0
0
0
0
0
0
0
0
0
1145130828
741765664
2614
0
0
0
0
0
0
0
0
0
0
0
0
0
0
0
0
0
0
0
0
0
0
0
0
0
0
0
0
0
0
0
0
0
0
0
0
0
0
0
0
0
0
0
0
0
0
0
1145130828
741831200
2615
0
0
0
0
0
0
0
0
0
0
0
0
0
0
0
0
0
0
0
0
0
0
0
0
0
0
0
0
0
0
0
0
0
0
0
0
0
0
0
0
0
0
0
0
0
0
0
1145130828
741896736
2616
0
0
0
0
0
0
0
0
0
0
0
0
0
0
0
0
0
0
0
0
0
0
0
0
0
0
0
0
0
0
0
0
0
0
0
0
0
0
0
0
0
0
0
0
0
0
0
1145130828
741437984
2609
0
0
0
0
0
0
0
0
0
0
0
0
0
0
0
0
0
0
0
0
0
0
0
0
0
0
0
0
0
0
0
0
0
0
0
0
0
0
0
0
0
0
0
0
0
0
0
1145130828
741503520
2610
0
0
0
0
0
0
0
0
0
0
0
0
0
0
0
0
0
0
0
0
0
0
0
0
0
0
0
0
0
0
0
0
0
0
0
0
0
0
0
0
0
0
0
0
0
0
0
1145130828
741569056
2611
0
0
0
0
0
0
0
0
0
0
0
0
0
0
0
0
0
0
0
0
0
0
0
0
0
0
0
0
0
0
0
0
0
0
0
0
0
0
0
0
0
0
0
0
0
0
0
1145130828
741634592
2612
0
0
0
0
0
0
0
0
0
0
0
0
0
0
0
0
0
0
0
0
0
0
0
0
0
0
0
0
0
0
0
0
0
0
0
0
0
0
0
0
0
0
0
0
0
0
0
1145130828
741700128
2613
0
0
0
0
0
0
0
0
0
0
0
0
0
0
0
0
0
0
0
0
0
0
0
0
0
0
0
0
0
0
0
0
0
0
0
0
0
0
0
0
0
0
0
0
0
0
0
1145130828
741765664
2614
0
0
0
0
0
0
0
0
0
0
0
0
0
0
0
0
0
0
0
0
0
0
0
0
0
0
0
0
0
0
0
0
0
0
0
0
0
0
0
0
0
0
0
0
0
0
0
1145130828
741831200
2615
0
0
0
0
0
0
0
0
0
0
0
0
0
0
0
0
0
0
0
0
0
0
0
0
0
0
0
0
0
0
0
0
0
0
0
0
0
0
0
0
0
0
0
0
0
0
0
1145130828
741896736
2616
0
0
0
0
0
0
0
0
0
0
0
0
0
0
4235265
4235292
4223088
4231172
0
0
0
0
0
0
0
0
0
0
0
0
0
0
0
0
0
0
0
0
0
0
0
0
0
0
0
0
0
1145130828
741634592
2612
0
0
0
0
0
0
0
0
0
0
0
0
0
0
0
0
0
0
0
0
0
0
0
0
0
0
0
0
0
0
0
0
0
0
0
0
0
0
0
0
0
0
0
0
0
0
0
1145130828
741700128
2613
0
0
0
0
0
0
0
0
0
0
0
0
0
0
0
0
0
0
0
0
0
0
0
0
0
0
0
0
0
0
0
0
0
0
0
0
0
0
0
0
0
0
0
0
0
0
0
1145130828
741765664
2614
0
0
0
0
0
0
0
0
0
0
0
0
0
0
0
0
0
0
0
0
0
0
0
0
0
0
0
0
0
0
0
0
0
0
0
0
0
0
0
0
0
0
0
0
0
0
0
1145130828
741831200
2615
0
0
0
0
0
0
0
0
0
0
0
0
0
0
0
0
0
0
0
0
0
0
0
0
0
0
0
0
0
0
0
0
0
0
0
0
0
0
0
0
0
0
0
0
0
0
0
1145130828
741896736
2616
0
0
0
0
0
0
0
0
0
0
0
0
0
0
0
0
0
0
0
0
0
0
0
0
0
0
0
0
0
0
0
0
0
0
0
0
0
0
0
0
0
0
0
0
0
0
0
1145130828
741437984
2609
0
0
0
0
0
0
0
0
0
0
0
0
0
0
0
0
0
0
0
0
0
0
0
0
0
0
0
0
0
0
0
0
0
0
0
0
0
0
0
0
0
0
0
0
0
0
0
1145130828
741503520
2610
0
0
0
0
0
0
0
0
0
0
0
0
0
0
0
0
0
0
0
0
0
0
0
0
0
0
0
0
0
0
0
0
0
0
0
0
0
0
0
0
0
0
0
0
0
0
0
1145130828
741569056
2611
0
0
0
0
0
0
0
0
0
0
0
0
0
0
0
0
0
0
0
0
0
0
0
0
0
0
0
0
0
0
0
0
0
0
0
0
0
0
0
0
0
0
0
0
0
0
0
1145130828
741634592
2612
0
0
0
0
0
0
0
0
0
0
0
0
0
0
0
0
0
0
0
0
0
0
0
0
0
0
0
0
0
0
0
0
0
0
0
0
0
0
0
0
0
0
0
0
0
0
0
1145130828
741700128
2613
0
0
0
0
0
0
0
0
0
0
0
0
0
0
0
0
0
0
0
0
0
0
0
0
0
0
0
0
0
0
0
0
0
0
0
0
0
0
0
0
0
0
0
0
0
0
0
1145130828
741765664
2614
0
0
0
0
0
0
0
0
0
0
0
0
0
0
0
0
0
0
0
0
0
0
0
0
0
0
0
0
0
0
0
0
0
0
0
0
0
0
0
0
0
0
0
0
0
0
0
1145130828
741831200
2615
0
0
0
0
0
0
0
0
0
0
0
0
0
0
0
0
0
0
0
0
0
0
0
0
0
0
0
0
0
0
0
0
0
0
0
0
0
0
0
0
0
0
0
0
0
0
0
1145130828
741896736
2616
0
0
0
0
0
0
0
0
0
0
0
0
0
0
0
0
0
0
0
0
0
0
0
0
0
0
0
0
0
0
0
0
0
0
0
0
0
0
0
0
0
0
0
0
0
0
0
1347243843
741372448
670066
0
0
0
0
0
0
0
0
0
0
0
0
0
0
0
0
0
0
0
0
0
0
0
0
0
0
0
0
0
0
0
0
0
0
0
0
0
0
0
0
0
0
0
0
0
0
0
840977482
2615
0
0
0
0
0
0
0
0
0
0
0
0
0
0
0
0
0
0
0
0
0
0
0
0
0
0
0
0
0
0
0
0
0
0
0
0
0
0
0
0
0
0
0
0
0
0
0
0
924861770
2612
0
0
0
0
0
0
0
0
0
0
0
0
0
0
0
0
0
0
0
0
0
0
0
0
0
0
0
0
0
0
0
0
0
0
0
0
0
0
0
0
0
0
0
0
0
0
0
0
924862282
2612
0
0
0
0
0
0
0
0
0
0
0
0
0
0
0
0
0
0
0
0
0
0
0
0
0
0
0
0
0
0
0
0
0
0
0
0
0
0
0
0
0
0
0
0
0
0
0
0
5522770
0
0
0
0
0
0
0
0
0
0
0
0
0
0
0
0
0
0
0
0
0
0
0
0
0
0
0
0
0
0
0
0
0
0
0
0
0
0
0
0
0
0
0
0
0
0
0
0
0
0
0
0
0
0
0
0
0
0
0
0
0
0
0
0
0
0
0
0
0
0
0
0
0
0
0
0
0
0
0
0
0
0
0
0
0
0
0
0
0
0
0
0
0
0
0
0
0
0
0
0
0
0
0
0
0
0
0
0
0
0
0
0
0
0
0
0
0
0
0
0
0
0
0
0
0
0
0
0
0
0
0
0
0
0
0
0
0
0
0
28
2
262144
0
4199248
4138
0
0
28
123273218
262144
0
4203388
1000
0
0
28
224002050
262144
0
4204388
273
0
0
28
262668290
262144
0
4204664
311
0
0
20
293339138
262144
0
0
0
0
0
0
0
0
0
0
0
0
0
0
0
0
0
0
0
0
0
0
0
0
0
0
0
0
0
0
0
0
0
0
0
0
0
0
0
0
0
0
0
0
0
0
0
0
0
0
0
0
0
0
0
0
0
0
0
0
0
0
0
0
0
0
0
0
0
0
0
0
0
0
0
0
0
0
0
0
0
0
0
0
0
0
0
0
0
0
0
0
0
0
0
0
0
0
0
0
0
0
0
0
0
0
0
0
0
0
0
0
0
0
0
0
0
0
0
0
0
0
0
0
0
0
0
0
0
0
0
0
0
0
0
0
0
0
0
0
0
0
0
0
0
0
0
0
0
0
0
0
0
0
0
0
0
0
0
0
0
0
0
0
0
0
0
0
0
0
0
0
0
0
0
0
0
0
0
0
0
0
0
0
0
0
0
0
0
0
0
0
0
0
0
0
0
0
0
0
0
0
0
0
0
0
0
0
0
0
0
0
0
0
0
0
0
0
0
0
0
0
0
0
0
0
0
0
0
0
0
0
0
0
0
0
0
0
0
0
0
0
0
0
0
0
0
0
0
0
0
0
0
0
0
0
0
0
0
0
0
0
0
0
0
0
0
0
0
0
0
0
0
0
0
0
0
0
0
0
0
0
0
0
0
0
0
0
0
0
0
0
0
0
0
0
0
0
0
0
0
0
0
0
0
0
0
0
0
0
0
0
0
0
0
0
0
0
0
0
0
0
0
0
0
0
0
0
0
0
0
0
0
0
0
0
0
0
0
0
0
0
0
0
0
0
0
0
0
0
0
0
0
0
0
0
0
0
0
0
0
0
0
0
0
0
0
0
0
0
0
0
0
0
0
0
0
0
0
0
0
0
0
0
0
0
0
0
0
0
0
0
0
0
0
0
0
0
0
0
0
0
0
0
0
0
0
0
0
0
0
0
0
0
0
0
0
0
0
0
0
0
0
0
0
0
0
0
0
0
0
0
0
0
0
0
0
0
0
0
0
0
0
0
0
0
0
0
0
0
0
0
0
0
0
0
0
0
0
0
0
0
0
0
0
0
0
0
0
0
0
0
0
0
0
0
0
0
0
0
0
0
0
0
0
0
0
0
0
0
0
0
0
0
0
0
0
0
0
0
0
0
0
0
0
0
0
0
0
0
0
0
0
0
0
0
0
0
0
0
0
0
0
0
0
0
0
0
0
0
0
0
0
0
0
0
0
0
0
0
0
0
0
0
0
0
0
0
0
0
0
0
0
0
0
0
0
0
0
0
0
0
0
0
0
0
0
0
0
0
0
0
0
0
0
0
0
0
0
0
0
0
0
0
0
0
0
0
0
0
0
0
0
0
0
0
0
0
0
0
0
0
0
0
0
0
0
0
0
0
0
0
0
0
0
0
0
0
0
0
0
0
0
0
0
0
0
0
0
0
0
0
0
0
0
0
0
0
0
0
0
0
0
0
0
0
0
0
0
0
0
0
0
0
0
0
0
0
0
0
0
0
0
0
0
0
0
0
0
0
0
0
0
0
0
0
0
0
0
0
0
0
0
0
0
0
0
0
0
0
0
0
0
0
0
0
0
0
0
0
0
0
0
0
0
0
0
0
0
0
0
0
0
0
0
0
0
0
0
0
0
0
0
0
0
0
0
0
0
0
0
0
0
0
0
0
0
0
0
0
0
0
0
0
0
0
0
0
0
0
0
0
0
0
0
0
0
0
0
0
0
0
0
0
0
0
0
0
0
0
0
0
0
0
0
0
0
0
0
0
0
0
0
0
0
0
0
0
0
0
0
0
0
0
0
0
0
0
0
0
0
0
0
0
0
0
0
0
0
0
0
0
0
0
0
0
0
0
0
0
0
0
0
0
0
0
0
0
0
0
0
0
0
0
0
0
0
0
0
0
0
0
0
0
0
0
0
0
0
0
0
0
0
0
0
0
0
0
0
0
0
0
0
0
0
0
0
0
0
0
0
0
0
0
0
0
0
0
0
0
0
0
0
0
0
0
0
0
0
0
0
0
0
0
0
0
0
0
0
0
0
0
0
0
0
0
0
0
0
0
0
0
0
0
0
0
0
0
0
0
0
0
0
0
0
0
0
0
0
0
0
0
0
0
0
0
0
0
0
0
0
0
0
0
0
0
0
0
0
0
0
0
0
0
0
0
0
0
0
0
0
0
0
0
0
0
0
0
0
0
0
0
0
0
0
0
0
0
0
0
0
0
0
0
0
0
0
0
0
1877
4
17039360
542461511
540094787
774975029
1831673904
1701737844
1852139325
1667854949
1634544928
1030251378
1953391984
1886221673
757100402
1124860007
1934974010
1551069797
1868656490
1866751094
1701672291
1551070318
1215588679
1348231797
1701474162
1916890996
1953068401
1920300133
1346591841
1346591829
6499925
4199248
4138
0
1963394050
1734964078
543450478
7630441
1929839106
1953656680
1936618784
1701734249
1852383332
16908404
1634231046
1594032242
1969385321
35651686
81281
1885275136
33583732
81283
1594097664
7630435
21201922
67371008
1935762015
-2063466395
317
1717502984
6775148
21202434
67895296
1818846815
-2029911963
323
1667171344
1651663208
33580661
82824
1594102784
1936094562
33585769
82825
1594103808
1718644084
1701667182
1032454656
469762049
-1375468288
33554432
1852376324
1174798452
4541513
11963138
134348800
1852795909
1869357159
1763731310
33584238
1869350148
1763731310
33584238
1752368386
544502383
7630441
1667326723
268461416
30217731
1946419200
50358113
82711
1879310336
1699574639
1769107309
402849889
323
1635124228
1835355500
1634300527
1125647104
134217729
7
1025049344
201326593
1633879552
1147496547
6386785
25172483
1946353664
1751343427
50856037
133916
2037187584
1751343427
486735973
523
1769145344
50357626
82718
83887104
118020
1131677184
1701340001
-568392960
134217729
1634038371
1667196276
1701340001
1344733440
1325416467
16777216
150940
1769146624
16803194
82727
9503232
1852377600
1631810665
6645859
329200385
7274560
-1677656064
629
16804107
82740
1955660288
1852377088
1885303913
1919381362
16805217
1075056195
22528
-1180958464
150994946
1702521203
1128464640
33554433
604766353
553664532
184549376
1191247977
323
7115010
1701186816
1231577972
1920234350
1868653429
1028456704
1711276033
855654420
16777216
191388
1380518144
1129120000
33554433
134217873
1668183398
1145139041
1359020100
4199577
434
51747841
917504
16777216
81233
9503232
1969620992
1868653422
1347243843
1267400960
-771735530
16777217
213148
3584
-1962868736
317
37122
1853187592
1198481763
1850307685
-1191116684
4200477
94
57515009
917504
16777216
81337
9503232
1969620992
1868653422
1852404304
-1056898956
4200571
67
60398593
917504
16777216
81345
9503232
1969620992
1868653422
6452563
415156737
28835904
-1677656064
963
14
1036648704
33554433
251658385
1668183398
1951625057
6648431
1979778049
-704626662
16777216
258460
4096
67174400
81153
9503232
1969622784
1868653422
16795466
457965854
5570624
-1677656064
1066
16
18743552
317
285249794
16794448
69861662
-1862139904
67436548
323
1853187599
1248813411
738263109
1075552513
21504
1771831552
268435460
0
1023486977
33554433
1343291537
738263107
272897
76612096
1969622784
1868653422
16796746
469041463
5570624
-1677656064
1186
16
20381952
317
285249794
16794448
69861687
-1862139904
1712259076
1633906293
1836403311
1107361904
1075595777
19200
-576978688
268435460
0
1023492609
33554433
1343291537
1107361859
272897
76612096
1969622784
1868653422
1953264973
21692672
4201621
437
84581377
1048576
16777216
20775243
-1862139904
1712259072
1633906293
1668498799
1635149170
25493760
4202058
92
87727105
1048576
16777216
20775301
-1862139904
1712259072
1633906293
1634684015
-1912536988
1075750401
83200
1738277120
268435461
0
1023512065
33554433
251658385
1668183398
1867345761
16803190
535495089
13762624
-1677656064
1428
16
28377344
317
37122
1853187602
1383031139
16807013
549257676
983104
-1677656064
1471
4411409
704760833
33554436
318767249
1717662311
1852404304
-788463500
1075891201
25344
345768192
1868784996
1768319332
1850302819
1970435187
7299427
1124194049
788529153
738213921
16777217
397724
4096
-687800320
81153
9503232
2019888896
1953850213
1936607585
1668641396
16805729
576389651
18808896
-1677656064
1643
16
34799872
317
285249794
16794448
69861907
-1862139904
2019889412
1850303333
1970435187
7299427
1124209409
33554433
352323729
330
1654
1595342870
6451049
107715074
1125449728
-1845493759
402653190
1682
67239945
2053731079
1887007845
1914241125
1936287589
1684107892
16806511
426528
537068800
419446896
828859762
1126236416
83886081
1081128963
1701976320
16790119
82721
-1073543936
419446896
7368035
21176577
50659328
4210688
828731929
1025638656
83886081
1081127939
1701976320
570490930
317
1891369733
1662582848
1869374313
587268211
323
1883767557
1830355008
7566185
21177345
50659328
4223052
1953064985
1126433024
83886081
1081102339
1633884416
6645859
34678017
50659328
4223148
392448
-1593834496
67108865
1431193345
825312032
825111840
757084206
1853191277
1701264741
1769104750
1831673955
1751347809
1852141629
1836411252
544174704
201353005
1432107587
1936876915
1634691676
1146910319
1836409711
1937010277
1953056604
1549956424
1785688656
1097823333
1769304434
1970562420
1130127730
1281119568
1869900133
1097155698
1769304434
779317110
595329123
65536064
46989312
67239936
1936618759
1701734249
1852383332
33685620
1869116167
1965061234
1734964078
543450478
7630441
1661337858
7496040
1869176579
6714722
1249968672
67108865
1920233567
1250099712
1
1852006148
-2080243596
336
1650394116
6648673
21660930
67633152
1634494047
-2046689177
336
1717502988
6646889
22054658
68157440
1634231135
1718968946
1351090688
335544321
1969381124
2053731174
1351156224
402653185
1836343044
1634625136
33580397
84618
83893248
47876
84148736
7630441
1279870470
-1962803131
195
1812269058
543649391
1735290732
1953392928
84148736
1735290732
1953392928
84017664
1919903859
1852383348
1661141108
1701340001
369299456
480
1734439940
1343685376
1
1936683012
1869440333
6383986
22026243
67371008
1298948470
1919905125
50356585
86040
1761871872
1920234350
1868653429
1243153152
201326593
1633879552
1147496547
6386785
26024451
1946353664
1751343427
50856037
138780
2037187584
1751343427
486735973
542
1769145344
50357626
86046
83887104
122884
1131677184
1701340001
-249625856
117440513
1633055593
6580588
22023937
595329024
1900608
-1677656064
620
6920
1812922624
33554434
168296593
16777216
158735
76612096
1459881216
150994945
1917871468
1634887535
16802157
86041
1076074752
26112
-1080295168
134217730
10
40638721
-1862139904
1953696256
1735289202
-1088749312
50331650
176142993
469827689
336
7115010
47883
184064
47123456
3211264
1929839618
1952807529
6647929
1298492425
1919905125
16802153
86057
1076100864
23296
698089728
134217731
27
40642817
-1862139904
1248512
721485824
336
174887170
1769108595
16803694
180012
-1164901632
1728512127
1867543653
1633905011
1835355503
1634300527
1346044160
1509949441
151011364
16777217
240028
1247232
989921280
336
234918146
1818454371
16806767
239931
76612096
1936289038
989921395
937
235442434
1751343459
989921381
943
235704578
7629160
61422337
-1862139904
6883856
22037505
-1862139904
67436660
336
35914757
1930362880
1867543653
1633905011
1835355503
1634300527
1667629312
318783525
16777216
259996
1247232
1711341568
336
234918146
1869373814
1711341682
336
299266
1952802576
1702521171
1869440333
6383986
22047233
628490240
655424
-1677656064
1952802576
1702521171
1735357008
1634558322
1349714176
-2147483647
167788581
16777216
1701250972
1936607604
1668641396
16805729
84605
1076201984
68352
-1298398976
234881028
16798281
86141
9503232
1667851022
7565164
61439233
-1862139904
1768754692
16806771
239997
143720960
1667326734
16803176
241533
210829824
1953064974
-1451425536
33554435
1762267281
1350631680
33554433
285242513
1986814323
1699902049
1953720679
1868849522
1098081650
1769304434
16805750
1076270506
22528
-107216640
218103812
27
40676609
-1862139904
6883944
22064641
-1862139904
1863450732
1181640048
6646889
653112577
7798848
-1677656064
1328
6920
1823801600
33554434
168296593
16777216
158901
76612096
22481664
87752704
1245184
1869176596
-1711144862
1328
47883
351488
47123456
204537856
719
1628766257
2036429426
1735357008
1634558322
1191837952
83886085
1081245699
22022912
92798976
-821297152
1660944386
1918964992
1299800434
1919905125
16802153
358411
-536673024
352338032
1702521203
1634890305
1835355513
1634300527
1342963968
83886081
1081885699
1769149696
1916888442
1350132082
1919381362
6384993
22023169
50659328
4226120
1684957461
1631811685
1231382627
1919251310
1852795252
1343029504
83886081
1081106435
38404096
262144
771
1313276164
826482773
775233585
540028465
1970564397
1732076910
1919250021
757097321
1668440429
1701854568
1969845358
1869770861
6761760
1547322124
1919251285
1869241459
1551265633
1969450820
1953391981
1766284403
1651853428
1869762652
1869899114
1970369089
1952805993
1549890165
1549094979
1852399981
1677746990
285229095
1207959553
33554436
1853163268
1852270963
1763730533
33584238
1752368898
544502383
1769172597
1684368999
1953392928
100729344
1918986339
1767834368
1718968943
-2130567168
318
1953521412
-2097020814
318
1667171328
33584238
83076
1594098688
1702060386
1048904192
134217729
1818648324
33580897
83078
1594100736
1701603686
1149698560
268435457
1751342852
1969386081
-2013134746
324
1650394132
1769170549
-1996357510
324
1952384024
1852207213
6647137
20875778
1835008
11469829
67239936
1953392901
1229325824
33572172
46987
84410880
1735290732
1852795936
1852383335
67240052
1852795909
1852383335
33685620
1869116165
1763734642
117470318
1852399981
1141440768
1677721601
285229095
16777217
143516
1129318400
1141571840
33554433
1225265268
184614994
324
137131010
1953721961
1633908082
184615023
324
136344578
184615017
324
136868866
1869440365
6383986
36703233
1946288128
1919944732
1634887535
16802157
143373
410255872
1667326728
1767073128
16803194
82958
611582464
1076361481
20224
1768687616
1130457198
1851878767
16805732
81435
343147008
67436544
331
84746
147712
201329408
1651468639
916062720
2
464
61145092
17039360
542461511
775168067
540159545
1970564397
1732076910
1919250021
757097321
1668440429
1701854568
1969845358
1869770861
6761760
1547322113
1919251285
1869241459
1551265633
1969450820
1953391981
1766284403
1651853428
1869762652
1869899114
1970369089
1952805993
1549890165
1549094979
1936614733
1835362145
1869771333
2013291310
922763304
620756993
33554437
1853163268
1852270963
1763730533
33584238
1752368898
544502383
1769172597
1684368999
1953392928
100729344
1918986339
1767834368
1718968943
-2130567168
324
1953521412
-2097020814
324
1667171328
33584238
84612
1594098688
1702060386
1149567488
134217729
1818648324
33580897
84614
1594100736
1701603686
1250361856
268435457
1751342852
1969386081
-2013134746
330
1650394132
1769170549
-1996357510
330
1952384024
1852207213
6647137
21268994
1835008
11863045
67239936
1953392901
1229325824
33572172
48523
84410880
1735290732
1852795936
1852383335
67240052
1852795909
1852383335
33685620
1869116165
1763734642
117470318
1953722221
1917149554
16805746
1076393988
79616
-1130626816
134217729
1936617315
1953390964
1920091493
67174511
330
37122
86281
116480
184551936
1651468639
-1130757632
1
3521
71172100
17039360
542461511
540094787
774975029
1831673904
1701737844
1852139325
1667854949
1634544928
1030251378
1953391984
1886221673
757100402
1328357479
1328357426
1328357426
1714233394
1818850658
1735289188
1651076141
543384423
1869506093
1635021613
1882024803
1702129522
1919906915
774769664
791555631
774843950
774778670
1668444975
1667458863
825111853
1815031854
1667719785
1768697699
1667458914
6499890
1666988611
1936945010
1551263076
1835230055
1702130529
1969380466
761556073
862807156
1667718194
1768774755
863463278
1768709170
1667458914
388608
84148736
7630441
1963394050
1734964078
543450478
7630441
1929839106
1953656680
1936618784
1701734249
1852383332
134348916
1852795909
1869357159
1763731310
33584238
1869349900
1679845230
1818391919
16908389
1634231046
1594032242
1969385321
18874470
112001
1885275136
16806516
112003
1594097664
7630435
14255105
67371008
1935762015
-2063531931
437
1717502984
6775148
14255617
67895296
1818846815
-2029977499
217
1667171344
1651663208
16803445
55688
1594102784
1936094562
16808553
55689
1594103808
1718644084
1701667182
-1249246976
469762049
637797632
100663297
1162627398
780861696
33554433
1869350148
1763731310
33584238
1752368386
544502383
7630441
1812399106
543649391
1769172597
1684368999
1953392928
117703168
1702521203
1701869940
100729344
1852270963
1663067237
7496040
1963458818
1734964078
543450478
1918986339
117965312
1735290732
1852795936
1853169767
1852270963
1763730533
117470318
909670505
1853191263
1852399461
1701013860
-536608653
33554432
207290720
1476919296
1415525944
1598377557
1162363731
1162630468
1476919296
1415525944
1598377557
1414676816
1598832969
1598506322
1162888516
1313162318
16800067
909662216
1314215007
1397972805
1095786309
1095324754
1163026252
1162108743
1145980240
1497583173
1476919808
1415525944
1598377557
1598378835
1229738067
1163026260
50352967
909662216
1314215007
1095786309
1095324754
1279680332
1381975873
1398753093
1280065876
1476920320
1415525944
1598377557
1482051405
1476920576
1415525944
1598377557
1330464077
1298094418
1095586633
1598571348
1279349843
134611020
1597388888
1162761556
1398097503
1296260933
1312907088
1380081476
1212370497
3289951
945293319
1431592758
1180648782
1598378837
1599098179
1598312001
1312903746
912214083
134742068
1597388888
1162761556
1398097503
1296260933
1312907088
1380081476
1212370497
1179603807
1397178700
1476921600
1415525944
1598377557
1163089222
1431060831
1145979231
1095909983
4735822
945293322
1431592758
1381975374
1397965125
1230979919
1415533646
1095786319
1280065874
184568901
909662216
1314215007
1163026245
1330860865
1346789187
1599034463
1095909712
1279609932
1476922368
1415525944
1598377557
1430471489
1095521613
1331643732
1330074709
1598508617
1397183041
1476922624
1415525944
1598377557
1280266832
1163216719
1230198111
1298089806
4544079
945293326
1431592758
1163871566
1330399568
1598379335
1313428309
1330470727
251675990
909662216
1314215007
1398103877
1162633029
4544065
945293328
1431592758
1348420942
1598575445
1330464077
285235538
909662216
1314215007
1230200645
1162626894
1398100063
135397448
1597388888
1162761556
1431258207
1598377026
1213420880
1476924160
1415525944
1598377557
1196312915
1348420940
335564879
909662216
1314215007
1329880901
1162625621
1347375199
1476924672
1415525944
1598377557
1598308688
1380927571
1430675284
1230259022
369118799
909662216
1314215007
1095786309
1163026244
1314018644
135725139
1597388888
1162761556
1431258719
1430937426
1281314893
1414090057
1476925440
1415525944
1598377557
1413893971
1163018583
1163022431
1129596230
1196312904
1313161823
1128875589
4997449
945293337
1431592758
1281312078
1398755395
1280065876
1476925952
1415525944
1598377557
1145128274
1146047839
5850697
945293339
1431592758
1432307022
1230980435
1162101582
136052803
1597388888
1162761556
1414416735
1380271941
1296450655
1598374991
1163284301
136118355
1597388888
1162761556
1414549343
1430733151
1476926976
1415525944
1598377557
1229936193
1162633028
1330011969
1145134930
520114756
909662216
1314215007
1280532293
1230985039
1598838093
860704073
1162698546
136314957
1597388888
1162761556
1330402143
1296654167
1230982229
3689805
945293345
1431592758
1096762702
1145655126
1296387423
1313886047
1330011972
1296260946
4544079
945293346
1431592758
1398752590
1279741513
1414750021
1196312914
587223119
909662216
1314215007
1229807429
1229734227
1145392711
1448037727
1414750021
1196312914
1330794591
1229997407
1430736716
604001093
909662216
1314215007
1398103877
1095982917
620774984
909662216
1314215007
1398103877
1279483717
637551700
909662216
1314215007
1398103877
1413635909
1476929280
1415525944
1598377557
1598378837
1330465096
1180648772
5263177
945293352
1431592758
1432307022
1398752595
1146047817
1229348677
687886415
909662216
1314215007
1398103877
1179017029
1346717010
1476930048
1415525944
1598377557
1599363141
942878776
1329815351
1096045390
5461070
945293355
1431592758
1449084238
1330922309
1163544914
1431258207
4541506
945293356
1431592758
1197425998
1380273733
1381977153
1599293253
1598378835
1279873107
137166924
1597388888
1162761556
1163088735
1095652703
1313294668
1281311813
1598308687
1230262351
4997453
945293358
1431592758
1398752590
1432307027
1229734222
1145392711
1330926431
1331643730
1296651344
788548673
909662216
1314215007
1397972805
1095786309
1145391939
1313428319
1598377031
1314082377
1414549343
1279348041
1476931584
1415525944
1598377557
1598378835
1162893652
1397966156
1330926431
5457234
945293361
1431592758
1398752590
1281312083
809779535
1599685215
1380931664
1476932096
1415525944
1598377557
1163152969
1314217810
1298093129
1397053007
1599034463
4408662
945293363
1431592758
1230980430
1380275278
1229870431
1330470740
1599292758
1297044038
1128617567
1476932608
1415525944
1598377557
1163152969
1314217810
1130320969
1163284047
1330205522
889213774
909662216
1314215007
1347641157
1599359308
1598899533
1145983055
1380927071
1599096415
1447972675
1398035013
1476933120
1415525944
1598377557
1598378837
1413694806
1180652111
1329815376
1380275790
922768212
909662216
1314215007
1398103877
1163288389
1380930627
1313817439
1414677846
137887827
1597388888
1162761556
1330402143
1397776215
1111905608
1476933888
1415525944
1598377557
1413694806
1348424271
1279349313
1598833996
1128618053
1330205781
138018894
1597388888
1162761556
1331052895
878658633
1163155778
1163022431
1163413830
138084435
1597388888
1162761556
1482047839
1597388082
1279348309
1162757961
1330405188
1331643457
1296651344
1006652481
909662216
1314215007
1447124805
909455960
1095652703
1313294668
1398752325
1163022164
1414549343
1279348041
1476934912
1415525944
1598377557
827872833
1331640370
1296651344
1040206913
909662216
1314215007
1329880901
1162625621
1414092639
1145134920
138346564
1597388888
1162761556
1464615263
1599297857
1129201990
1095589721
861882452
1073755960
909662216
1314215007
1314217797
1280069458
1381258079
5129548
945293377
1431592758
1398752590
1413892424
138543153
1597388888
1162761556
1380276831
1480941391
1145980244
1414092639
1312907080
138608708
1597388888
1162761556
1330794591
1163153229
1296648287
1598374991
1280658761
1476936704
1415525944
1598377557
1414742342
1163022431
5785926
945293381
1431592758
1381975374
1598308677
1229213517
1465866566
1163151698
1476937216
1415525944
1598377557
1163284301
1597066591
1598114134
1191203407
909662216
1314215007
1330536261
1314217812
1380532560
1162625601
1476937728
1415525944
1598377557
1414676816
1598832969
1598506322
1279349843
139001932
1597388888
1162761556
1330794591
1163153229
1296650591
4539471
945293386
1431592758
1348420942
1330466642
1214203220
1163026249
1258312519
909662216
1314215007
1229479749
1162104653
1413565791
139198536
1597388888
1162761556
1280332639
1281315913
1598508623
1163284301
139264083
1597388888
1162761556
1163089247
1212373087
1308639815
909662216
1314215007
1398103877
1330470725
1325412438
909662216
1314215007
1330536261
1163288404
1380930627
1162104653
1476939776
1415525944
1598377557
1229936193
1163288388
1380930627
1128612959
4539471
945293393
1431592758
1096762702
1145655126
1279346271
1147094355
1180651589
1113543247
1375750477
909662216
1314215007
1380081477
1212370497
1163022431
1413695812
1598967625
1414416712
139657299
1597388888
1162761556
1296650591
1598374991
1213481293
1476940800
1415525944
1598377557
1297044048
1598379087
1381976401
5457733
945293397
1431592758
1096762702
1398098500
1314217812
1280069458
1476941312
1415525944
1598377557
1414742348
117462784
909670505
1668440415
1852399464
1701013860
-536608653
33554432
216269291
1476919296
1096758840
1598571346
1448037699
1476919296
1096758840
1598571346
1481657667
4671555
945293313
1380015926
1130317891
1129861197
1110984520
1476919808
1096758840
1598571346
1145323864
1476920064
1096758840
1598571346
1096241986
134479952
1597388888
1212371521
1396788319
327764
1711539202
1952542572
50856448
1886220131
544761196
1634692198
134348916
1970234372
6646882
1661145090
1819307375
1679849573
1818391919
402784357
1836016387
2019912816
1852795936
1868832871
1701601909
68157952
1818648415
829710703
33568818
1600062240
1852534389
1601075055
1711669343
1600351861
7500912
224274947
67436544
3428
29035017
225443840
720896
1869176588
-1711210398
3429
871946
887808
32836864
65536
1130323726
1599229780
1414744396
67133279
226232585
50659328
4207312
1147100942
1599229780
1414744396
67133279
226232586
50659328
4207324
0
0
0
0
0
0
0
0
0
0
0
0
0
0
0
0
0
0
0
0
0
0
0
0
0
0
0
0
0
0
0
0
0
0
0
0
0
0
0
0
0
0
0
0
0
0
0
0
620826881
51057416
302059784
1511430
2359808
188615435
2051
50402051
973802248
17513227
67108883
134414349
188418874
188224329
251985920
1225460480
100663315
134414358
188418874
4937
50334983
990591502
940787979
134217739
423559470
188352515
421989179
101843217
1117132864
1245465
329984
188352515
323554107
6146
1057041930
973603609
285948683
1074139649
423794456
4865
50344971
990591496
34818315
201326616
17891595
1554
1057041933
973603609
655047435
286476569
1074139649
423794200
4865
50332942
990591502
34818315
251658264
423559470
188352515
421987643
101843217
1117132864
1245465
331776
188354051
323552571
6146
50332945
990591496
34818309
301989912
423559470
188352515
421987643
101843217
1117198400
1245465
3019520
134420799
87755578
101843217
1117132864
335544345
423559470
188352515
421987643
17896265
406849042
18432662
352321555
323551489
4865
8470
3413760
188352515
323554107
423369023
555220992
789793024
419430411
134414388
188418874
423564105
6146
17891584
185796645
17893379
386926098
604110848
1040911104
525067
18023168
185272323
188418874
4865
50334980
990591496
940787979
83886091
185270287
4937
50337286
990591496
1263883
19793664
134420799
188418874
323557671
101843217
1117198400
1245465
329728
188354051
323554107
6146
1057041929
973603609
655047435
286476569
1074139649
423794200
4865
50344970
990591496
34818315
184549400
323551489
4865
1224745228
732947
3411200
188354051
323554107
6146
50332942
990591496
34818315
251658264
423559470
188352515
421989179
101843217
1117198400
1245465
3018752
134420799
188418874
17896265
406849042
1655447
19796224
134420799
188418874
101843217
1117132864
1245465
19796480
134420799
188418874
17897767
406849042
18432662
318767123
33
50344980
990591496
1058228491
1653785
3413248
188352515
323554107
402790719
16777216
136642833
134417171
101843217
5904
184558594
51068427
50331656
134414611
188353291
318835515
218365952
973603584
1225472779
735251
984320
323554059
369491968
973603584
1225472779
117440531
423559470
188352515
323554107
101843217
1117132864
1245465
3409920
188352515
323554107
6146
285281033
397825
16845312
318837577
554369024
201326592
134414388
188418874
423564105
6460
17891584
185796645
17893379
386926098
604110848
1040911104
525067
18023168
185272323
188418874
4865
50334980
990591496
940787979
83886091
185270287
4937
50337286
990591496
1263883
19793664
134420799
188418874
17897767
406849042
18432662
134217747
134414341
188418874
402789193
17367040
18041089
167772179
33
50344971
990591496
1058228491
1653785
285278208
319300865
453509899
1511432
2359808
188615435
2051
50402051
973802248
17513227
67108883
134414349
188418874
188224329
251985920
1225460480
100663315
134414358
188418874
4937
50398215
1225460488
990591507
1245445
2623488
186386435
352911360
1648384
16845312
318837577
554369024
201326592
134414388
188418874
423564105
6460
1224745229
732947
3411456
188352515
323552571
402790719
0
0
0
0
0
0
0
0
0
0
0
0
0
0
0
0
0
0
0
0
0
0
0
0
0
0
0
0
0
0
0
0
0
0
0
0
0
0
0
0
0
0
0
0
0
0
0
0
0
0
0
0
0
0
0
0
0
0
0
0
0
0
0
0
0
0
0
0
0
0
0
0
0
0
0
0
0
0
0
0
0
0
0
0
0
0
0
0
0
0
0
0
0
0
0
0
0
0
0
0
0
0
0
0
0
0
0
0
0
0
0
0
0
0
0
0
0
0
0
0
0
0
0
0
0
0
0
0
0
0
0
0
0
0
0
0
0
0
0
0
0
0
0
0
0
0
0
0
0
0
0
0
0
0
0
0
0
0
0
0
0
0
0
0
0
0
0
0
0
0
0
0
0
0
0
0
0
0
0
0
0
0
0
0
0
0
0
0
0
0
0
0
0
0
0
0
0
0
0
0
0
0
0
0
0
0
0
0
0
0
0
0
0
0
0
0
0
0
0
0
0
0
0
0
0
0
0
0
0
0
0
0
0
0
0
0
0
0
0
0
0
0
0
0
0
0
0
0
0
0
0
0
0
0
0
0
0
0
0
0
0
0
0
0
0
0
0
0
0
0
0
0
0
0
0
0
0
0
0
0
0
0
0
0
0
0
0
0
0
0
0
0
0
0
0
0
0
0
0
0
0
0
0
0
0
0
0
0
0
0
0
0
0
0
0
0
0
0
0
0
0
0
0
0
0
0
0
0
0
0
0
0
0
0
0
0
0
0
0
0
0
0
0
0
0
0
0
0
0
0
0
0
0
0
0
0
0
0
0
0
0
0
0
0
0
0
0
0
0
0
0
0
0
0
0
0
0
0
0
0
0
0
0
0
0
0
0
0
0
0
0
0
0
0
0
0
0
0
0
0
0
0
0
0
0
0
0
0
0
0
0
0
0
0
0
0
0
0
0
0
0
0
0
0
0
0
0
0
0
0
0
0
0
0
0
0
0
0
0
0
0
0
0
0
0
0
0
0
0
0
0
0
0
0
0
0
0
0
0
0
0
0
0
0
0
0
0
0
0
0
0
0
0
0
0
0
0
0
0
0
0
0
0
0
0
0
0
0
0
0
0
0
0
0
0
0
0
0
0
0
0
0
0
0
0
0
0
0
0
0
0
0
0
0
0
0
0
0
0
0
0
0
0
0
0
0
0
0
0
0
0
0
0
0
0
0
0
0
0
0
0
0
0
0
0
0
0
0
0
0
0
0
0
0
0
0
0
0
0
0
0
0
0
0
0
0
0
0
0
0
0
0
0
0
0
0
0
0
0
0
0
0
0
0
0
0
0
0
0
0
0
0
0
0
0
0
0
0
0
0
0
0
0
0
0
0
0
0
0
0
0
0
0
0
0
0
0
0
0
0
0
0
0
0
0
0
0
0
0
0
0
0
0
0
0
0
0
0
0
0
0
0
0
0
0
0
0
0
0
0
0
0
0
0
0
0
0
0
0
0
0
0
0
0
0
0
0
0
0
0
0
0
0
0
0
0
0
0
0
0
0
0
0
0
0
0
0
0
0
0
0
0
0
0
0
0
0
0
0
0
0
0
0
0
0
0
0
0
0
0
0
713
10485762
16842752
855803
16843009
16777216
1124139008
1934962490
796095077
1868656490
1866739574
1701672291
796095598
1215588679
1345282677
1701474162
1916890996
1953068401
1920300133
1346580321
977469525
1869762607
1835102823
1818838560
673215333
691419256
1685013295
1869365861
796093283
1198418253
1852387159
1685417059
1124073573
1663980880
256
1768191091
6827631
1291845634
1634954853
1164797287
779055730
65640
83886080
1075007490
19268352
789094247
-1128492668
33581374
9503492
134415362
67239997
3999747
134415362
67239997
2754563
100729858
184747594
-1385742690
67240026
33591555
13959940
100729858
141100618
40320713
-2060446933
-909150968
1963471368
-1173748790
53807305
19399187
-1118277885
52562121
66193419
33577079
134611204
805832224
1208102920
-2068042729
-898299800
13595912
100729858
-906819854
147402760
-1649604560
-1683158950
6199645
100729858
-906819854
147402760
-1656027088
-1689581520
-1120495309
1963484990
137365705
141049531
1275644533
1963492414
839436751
63599880
147438090
34865973
1845690666
147438936
34341666
1979908387
67240024
537396737
137365510
407503408
1753529643
147485960
-910374283
570961928
17039872
101844998
717359249
-1620558146
147485960
1732161570
-898299759
1051599368
1963499367
-1373501238
1963484990
-1390278454
1963492414
839436751
63599880
147438090
34865973
1845690665
147438936
34341666
1979908386
67240024
537396737
137365510
390660657
1736752172
147485960
1051527202
-898299787
1963470856
147438539
135463714
1483801376
147485960
67239970
110102017
34145267
2030240058
1752613166
147485960
33606261
-1174011644
-1844921338
872951560
1052614920
-2059497154
1006789896
141067284
-1580621365
-1614175583
-1614176311
834369225
2004273527
1976137591
582776521
141045850
-1386500731
-1386500773
140225883
554195745
824248369
-1389289208
-1389253327
-1389253327
-903631567
16777986
96001
-1392508416
16777216
219085569
16843008
1
16777217
1429158467
1936876915
1634691631
1143961199
1836409711
1937010277
1953056559
794981704
1785688656
1097823333
1769304434
1970562420
1127178610
1124095312
1917857594
1634887535
1766203501
544433516
909670440
1866673961
1816290660
1936417647
1852394799
1764710215
1970037614
25956
1953064268
1698984559
1970369089
1936684649
16802606
1953693696
779053412
131176
1852132608
1701273971
1920091501
6827631
1
2080507136
50348067
4325646
100729858
67240038
33580547
7603204
101057538
1986605146
-1617885136
1037102600
813266480
-1693937400
1801993935
33592014
134611204
1258817084
67240137
4589570
100729858
167970378
1493748396
-1157080824
184772616
815829000
1111411005
1497575513
-1748146384
17039872
103680006
13257480
50463746
4851830
100729858
268633674
1493748396
1728600328
218355720
816680968
6883433
-1862073342
50594304
33616136
1241907460
54436102
1493722636
-1131345732
45846792
16842755
217
9371650
16842752
855803
16843009
16777216
1124139008
1934962490
796095077
1868656490
1866739574
1701672291
796095598
1215588679
1345282677
1701474162
1916890996
1953068401
1920300133
1346580321
977469525
1869762607
1835102823
1818838560
673215333
691419256
1685013295
1869365861
796093283
1198418253
1852387159
1685417059
1828716645
778987873
65635
1685353216
1747873641
512
33882112
4204388
-2091216870
1963488520
-918681468
-1132166269
-206703824
2047061256
67240066
-2113338622
33817088
67240025
1248789250
17039872
50747398
1499114516
16777730
50433
-1761607168
16777216
219085569
16843008
1
16777217
1429158467
1936876915
1634691631
1143961199
1836409711
1937010277
1953056559
794981704
1785688656
1097823333
1769304434
1970562420
1127178610
1124095312
1917857594
1634887535
1766203501
544433516
909670440
1866673961
1816290660
1936417647
1852394799
1764710215
1970037614
25956
1936614733
1835362145
1869771333
16802606
1953693696
779053412
131176
83886080
1076393986
141038848
-1111638907
-1128415811
-1128416067
-1128416067
-1128416067
-1137656899
131775
13435137
131072
199
251330817
16842765
257
256
1768763137
863463278
1835299890
1668180271
1701082476
792347392
1936683619
1986356339
1668444975
1667458863
825111853
1731145774
1664050019
1768320623
862531431
1124087352
1919102778
1685287791
1932490341
1731158898
892167011
808333614
1651076143
6513511
774843950
774778670
791555631
1932471854
1731158898
892167011
808333614
1651076143
6513511
1685353216
1747873641
256
909652841
33581102
1650917376
1952656748
779317871
196712
1651076096
845374311
67134254
0
0
0
0
0
0
0
0
0
0
0
0
0
0
0
0
0
0
0
0
0
0
0
0
0
0
0
0
0
0
0
0
0
0
0
0
0
0
0
0
0
0
0
0
0
0
0
0
0
0
0
0
0
0
0
0
0
0
0
0
0
0
0
0
0
0
0
0
0
0
0
0
0
0
0
0
0
0
0
0
0
0
0
0
0
0
0
0
0
0
0
0
0
0
0
0
0
0
0
0
0
0
0
0
0
0
0
0
0
0
0
0
0
0
0
0
0
0
0
0
0
0
0
0
0
0
0
0
0
0
0
0
0
0
0
0
0
0
0
0
0
0
0
0
0
0
0
0
0
0
0
0
0
0
0
0
0
0
0
0
0
0
0
0
0
0
0
0
0
0
0
0
0
0
0
0
0
0
0
0
0
0
0
0
0
0
0
0
0
0
0
0
0
0
0
0
0
0
0
0
0
0
0
0
0
0
0
0
0
0
0
0
0
0
0
0
0
0
0
0
0
0
0
0
0
0
0
0
0
0
0
0
0
0
0
0
0
0
0
0
0
0
0
0
0
0
0
0
0
0
0
0
0
0
0
0
0
0
0
0
0
0
0
0
0
0
0
0
0
0
0
0
0
0
0
0
0
0
0
0
0
0
0
0
0
0
0
0
0
0
0
0
0
0
0
0
0
0
0
0
0
0
0
0
0
0
0
0
0
0
0
0
0
0
0
0
0
0
0
0
0
0
0
0
0
0
0
0
0
0
0
0
0
0
0
0
0
0
0
0
0
0
0
0
0
0
0
0
0
0
0
0
0
0
0
0
0
0
0
0
0
0
0
0
0
0
0
0
0
0
0
0
0
0
0
0
0
0
0
0
0
0
0
0
0
0
0
0
0
0
0
0
0
0
0
0
0
0
0
0
0
0
0
0
0
0
0
0
0
0
0
0
0
0
0
0
0
0
0
0
0
0
0
0
0
0
0
0
0
0
0
0
0
0
0
0
0
0
0
0
0
0
0
0
0
0
0
0
0
0
0
0
0
0
0
0
0
0
0
0
0
0
0
0
0
0
0
0
0
0
0
0
0
0
0
0
0
0
0
0
0
0
0
0
0
0
0
0
0
0
0
0
0
0
0
0
0
0
0
0
0
0
0
0
0
0
0
0
0
0
0
0
0
0
0
0
0
0
0
0
0
0
0
0
0
0
0
0
0
0
0
0
0
0
0
0
0
0
0
0
0
0
0
0
0
0
0
0
0
0
0
0
0
0
0
0
0
0
0
0
0
0
0
0
0
0
0
0
0
0
0
0
0
0
0
0
0
0
0
0
0
0
0
0
0
0
0
0
0
0
0
0
0
16
-1
2080440321
67374088
392
28
0
4199248
79
-2063069631
84754946
214256386
1028
28
0
4199327
111
-2063069631
84754946
214264578
1028
28
0
4199438
88
-2063069631
84754946
214258690
1028
28
0
4199526
51
-2063069631
84754946
67945839
4
36
0
4199577
434
-2063069631
84754946
-2096921019
27722500
1103512003
67374277
28
0
4200011
466
-2063069631
84754946
-989737469
263180
28
0
4200477
94
-2063069631
84754946
214260226
1028
28
0
4200571
67
-2063069631
84754946
67945855
4
36
0
4200638
440
-2063069631
84754946
-2096921019
28115716
1103512003
67374277
28
0
4201078
214
-2063069631
84754946
214290946
1028
28
0
4201292
85
-2063069631
84754946
214257922
1028
28
0
4201377
84
-2063069631
84754946
214257666
1028
28
0
4201461
85
-2063069631
84754946
214257922
1028
28
0
4201546
75
-2063069631
84754946
214255362
1028
36
0
4201621
437
-2063069631
84754946
-2096921019
27919108
1103512003
67374277
28
0
4202058
92
-2063069631
84754946
214259714
1028
32
0
4202150
325
-2063069631
84754946
50561860
1103298876
67374277
28
0
4202475
210
-2063069631
84754946
214289922
1028
28
0
4202685
15
-2063069631
84754946
67945803
4
36
0
4202700
99
-2063069631
84754946
-2096921019
-1017642492
-985545151
263180
28
0
4202799
300
-2063069631
84754946
-989779965
263180
28
0
4203099
287
-2063069631
84754946
-989783293
263180
16
-1
2080440321
67374088
392
28
760
4203388
29
-2063069631
84754946
67945817
4
28
760
4203417
102
-2063069631
84754946
214262274
1028
32
760
4203519
91
-2063069631
84754946
33784644
-985545902
263180
28
760
4203610
265
-2063069631
84754946
-989788925
263180
28
760
4203875
19
-2063069631
84754946
67945807
4
28
760
4203894
10
-2063069631
84754946
67945798
4
28
760
4203904
10
-2063069631
84754946
67945798
4
28
760
4203914
267
-2063069631
84754946
-989788413
263180
28
760
4204181
88
-2063069631
84754946
214258690
1028
28
760
4204269
119
-2063069631
84754946
214266626
1028
16
-1
2080440321
67374088
392
28
1104
4204388
273
-2063069631
84754946
-989786877
263180
16
-1
2080440321
67374088
392
28
1156
4204664
311
-2063069631
84754946
-989777149
263180
0
0
0
0
0
0
0
0
0
0
0
0
0
0
0
0
0
0
0
0
0
0
0
0
0
0
0
0
0
0
0
0
0
0
0
0
0
0
0
0
0
0
0
0
0
0
0
0
0
0
0
0
0
0
0
0
0
0
0
0
0
0
0
0
0
0
0
0
0
0
0
0
0
0
0
0
0
0
0
0
0
0
0
0
0
0
0
0
0
0
0
0
0
0
0
0
0
0
0
0
0
0
0
0
0
0
0
0
0
0
0
0
0
0
0
0
0
0
0
0
0
0
0
0
0
0
0
0
0
0
0
0
0
0
0
0
0
0
0
0
0
0
0
0
0
0
0
0
0
0
0
0
0
0
0
0
0
0
0
0
0
0
0
0
0
0
0
0
0
0
0
0
0
0
0
0
0
0
0
0
0
0
0
0
0
0
0
0
0
0
0
0
0
0
0
0
0
0
0
0
0
0
0
0
0
0
0
0
0
0
0
0
0
0
0
0
0
0
0
0
0
0
0
0
0
0
0
0
0
0
0
0
0
0
0
0
0
0
0
0
0
0
0
0
0
0
0
0
0
0
0
0
0
0
0
0
0
0
0
0
0
0
0
0
0
0
0
0
0
0
0
0
0
0
0
0
0
0
0
0
0
0
0
0
0
0
0
0
0
0
0
0
0
0
0
0
0
0
0
0
0
0
0
0
0
0
0
0
0
0
0
0
0
0
0
0
0
0
0
0
0
0
0
0
0
0
0
0
0
0
0
0
0
0
0
0
0
0
0
0
0
0
0
0
0
0
0
0
0
0
0
0
0
0
0
0
0
0
0
0
0
0
0
0
0
0
0
0
0
0
0
0
0
0
0
0
0
0
0
0
0
0
0
0
0
0
0
0
0
0
0
0
0
0
0
0
0
0
0
0
0
0
0
0
0
0
0
0
0
0
0
0
0
0
0
0
0
0
0
0
0
0
0
0
0
0
0
0
0
0
0
0
0
0
0
0
0
0
0
0
0
0
0
0
0
0
0
0
0
0
0
0
0
0
0
0
0
0
0
0
0
0
0
0
0
0
0
0
0
0
0
0
0
0
0
0
0
0
0
0
0
0
0
0
0
0
0
0
0
0
0
0
0
0
0
0
0
0
0
0
0
0
0
0
0
0
0
0
0
0
0
0
0
0
0
0
0
0
0
0
0
0
0
0
0
0
0
0
0
0
0
0
0
0
0
0
0
0
0
0
0
0
0
0
0
0
0
0
0
0
0
0
0
0
0
0
0
0
0
0
0
0
0
0
0
0
0
0
0
0
0
0
0
0
0
0
0
0
0
0
0
0
0
0
0
0
0
0
0
0
0
0
0
0
0
0
0
0
0
0
0
0
0
0
0
0
0
0
0
0
0
0
0
0
0
0
0
0
0
0
0
0
0
0
0
0
0
0
0
0
0
0
0
0
0
0
0
0
0
0
0
0
0
0
0
0
0
0
0
0
0
0
0
0
0
0
0
0
0
0
0
0
0
0
0
0
0
0
0
0
0
0
0
0
0
0
0
0
0
0
0
0
0
0
0
0
0
0
0
0
0
0
0
0
0
0
0
0
0
0
0
0
0
0
0
0
0
0
0
0
0
0
0
0
0
0
0
0
0
0
0
0
1953721961
1633908082
1919942767
1634887535
1879073133
1667855215
1828745057
1919905125
24937
0
0
0
0
0
0
0
11186
75
0
0
0
0
0
0
0
0
0
0
0
0
0
0
0
0
0
0
0
0
0
0
0
0
0
0
0
0
0
0
0
0
0
0
0
0
0
0
0
0
0
0
0
0
0
0
0
0
0
0
0
0
0
0
0
0
0
0
0
0
0
0
0
0
0
0
0
0
0
0
0
0
0
0
0
0
0
0
0
0
0
0
0
0
0
0
0
0
0
0
0
0
0
0
0
0
0
0
0
0
0
0
0
0
0
0
0
0
0
0
0
0
0
0
0
0
0
0
0
0
0
0
0
0
0
0
0
0
0
0
0
0
0
0
0
0
0
0
0
0
0
0
0
0
0
0
0
0
0
0
0
0
0
0
0
0
0
0
0
0
0
0
0
0
0
0
0
0
0
0
0
0
0
0
0
0
0
0
0
0
0
0
0
0
0
0
0
0
0
0
0
0
0
0
0
0
0
0
0
0
0
0
0
0
0
0
0
0
0
0
0
0
0
0
0
0
0
0
0
0
0
0
0
0
0
0
0
0
0
0
0
0
0
0
0
0
0
0
0
0
0
0
0
0
0
0
0
0
0
0
0
0
0
0
0
0
0
0
0
0
0
0
0
0
0
0
0
0
0
0
0
0
0
0
0
0
0
0
0
0
0
0
0
0
0
0
0
0
0
0
0
0
0
0
0
0
0
0
0
0
0
0
0
0
0
0
0
0
0
0
0
0
0
0
0
0
0
0
0
0
0
0
0
0
0
0
0
0
0
0
0
0
0
0
0
0
0
0
0
0
0
0
0
0
0
0
0
0
0
0
0
0
0
0
0
0
0
0
0
0
0
0
0
0
0
0
0
0
0
0
0
0
0
0
0
0
0
0
0
0
0
0
0
0
0
0
0
0
0
0
0
0
0
0
0
0
0
0
0
0
0
0
0
0
0
0
0
0
0
0
0
0
0
0
0
0
0
0
0
0
0
0
0
0
0
0
0
0
0
0
0
0
0
0
0
0
0
0
0
0
0
0
0
0
0
0
0
0
0
0
0
0
0
0
0
0
0
0
0
0
0
0
0
0
0
0
0
0
0
0
0
0
0
0
0
0
0
0
0
0
0
0
0
0
0
0
0
0
0
0
0
0
0
0
0
0
0
0
0
0
0
0
0
0
0
0
0
0
0
0
0
0
0
0
0
0
0
0
0
0
0
0
0
0
0
0
0
0
0
0
0
0
0
0
0
0
0
0
0
0
0
0
0
0
0
0
0
0
0
0
0
0
0
0
0
0
0
0
0
0
0
0
0
0
0
0
0
0
0
0
0
0
0
0
0
0
0
0
0
0
0
0
0
0
0
0
0
0
0
0
0
0
0
0
0
0
0
0
0
0
0
0
0
0
0
0
0
0
0
0
0
0
0
0
0
0
0
0
0
0
0
0
0
0
0
0
0
0
0
0
0
0
0
0
0
0
0
0
0
0
0
0
0
0
0
0
0
0
0
0
0
0
0
0
0
0
0
0
0
0
0
0
0
0
0
0
0
0
0
0
0
0
0
0
0
0
0
0
0
0
0
0
0
0
0
0
0
0
0
0
0
0
0
0
0
0
0
0
0
0
0
0
0
0
0
0
0
0
0
0
0
0
0
0
0
0
0
0
0
0
0
0
0
0
0
0
0
0
0
0
0
0
0
0
0
0
0
0
0
0
0
0
0
0
0
0
0
0
0
0
0
0
0
0
0
0
0
0
0
0
0
0
0
0
0
0
0
0
0
0
0
0
0
0
0
0
0
0
0
0
0
0
0
0
0
0
0
0
0
0
0
0
0
0
0
0
0
0
0
0
0
0
0
0
0
0
0
0
0
0
0
0
0
0
0
0
0
0
0
0
0
0
0
0
0
0
0
0
0
0
0
0
0
0
0
0
0
0
0
0
0
0
0
0
0
0
0
0
0
0
0
0
0
0
0
0
0
0
0
0
0
0
0
0
0
0
0
0
0
0
0
0
0
0
0
0
0
0
0
0
0
0
0
0
0
0
0
0
0
0
0
0
0
0
0
0
0
0
0
0
0
0
0
0
0
0
0
0
0
0
0
0
0
0
0
0
0
0
0
0
0
0
0
0
0
0
0
0
0
0
0
0
0
0
0
0
0
0
0
0
0
0
0
0
0
0
0
0
0
0
0
0
0
0
0
0
0
0
0
0
0
0
0
0
0
0
0
0
0
0
0
0
0
0
0
0
0
0
0
0
0
0
0
0
